Student1: 5.600000
Student2: 9.400000
Student3: 8.000000
